100010693727233
1630462277017001
100010271417356
1699999796785730
100011982918641
1948097638551138
100005882622686
100006293802855
1712352578836059
100009386572702
1691553454238345
100027868150750
715316662740599
100004698705731
266286280591902
100006800807481
1623317341078316
UzpfSVNDOjkzNDIxNjM1NzI1OTMwNA
100005422351188
1733097110065507
100008321198602
1768712973199887
100013958140654
100006004840699
2207432929274511
100006255585381
2250966755121822
100007625807242
2154757038121802
UzpfSVNDOjcxNjY2MTA3MzA0MDc3NQ
100004664229629
1794421510604850
100004658824184
1534205753278969
100008880333159
2212899672349356
100004577771756
1754089967976270
100009115644908
1627973163955838
100011710546224
1348503985549940
100010213600845
735624306788016
100006178202408
1054975657985174
100026729231390
807746253459675
100006431532593
1824033610992751
100008705051713
2072840086312602
100005192701406
1405795189491262
100007764242613
2201465700122217
100016796652279
478070702762814
100005271243971
2123556647670076
UzpfSVNDOjY1MjA4NDIxOTM4MDQyMw
100004202169557
2133537746664003
100009211752235
2169858076388012
100036406869521
115656166324612
100066922796869
109852931255466
100072271144158
101284278957277
100005950592792
1297850610303505
100015175052673
1166245653891259
100005369418888
1171612789694357
100010002826166
100007501516182
1793403900669726
100050527088191
296348572059377
100009863230878
1942479045793294
100007969950725
2454876784787963
100009436092451
1617994528283224
100010693727233
1630462277017001
100021862442190
1737910472927430
UzpfSVNDOjMzMzY2NjQ5MTk2MTgyNQ
100005869174464
955316221340675
100014943521043
1107419789766128
100007213871197
1552944894787309
100023577012664